06 155 35221 96487 96 
No Seri: 9015 2582 6456 389 
2588355970 4480802 
No Seri: 9015 2583 6458 616 
No Seri: 
9015 
13168 83056 68325 31 
82091 94679 37125 50 
No Seri: 9015 2583 6461 630 
13352 97558 1393204 
No Seri: 9015 2582 6459 144 川 
No Seri: 9015 2592 6453 901 
6879470541 1093366 
No Seri: 9015 2583 6457 721 
No Seri: 9015 2583 6460 867 
6023083535 50656 99 
No Seri: 9015 2592 6464 248 
52162 74029 57315/36 
03690991310878583 
No Seri: 9015 2582 6437 182 
00493 40821 7851438 
9790827647 6982995 
No Seri: 9015 2582 6462 899 
။ 
98694 6228294197 09 
LC 
In 
BE 
No Seri: 9015 2583 6454 193 川 
No Seri: 9015 2583 6463 696 
C 
79773082630266175 
No Seri: 9015 2582 6431 921 
08707 800249503074 
No Seri: 9015 2592 6434 492 
03232 42810 16091 16 
7049982134 26431 73 
No Seri: 9015 2582 6465 614 
No Seri: 9015 2582 6438 155 
No Seri: 9015 2582 6432 295 
No Seri: 9015 2592 6435 324 
69385 25610 1600570 
01679916690284453 
76985 20705 5128169 
88231 01335 2578298 
No Seri: 9015 2582 6466 502 
No Seri: 9015 2583 6439 841 
No Seri: 9015 2592 6433 498 
No Seri: 9015 2583 6436 169 
66806 057029247801 
27020011866188203 
6284375701 39398 85 
No Seri: 9015 2592 6440 741 
No Seri: 9015 2583 6443 165 
No Seri: 9015 2583 6446 403 
50468 14634 4158745 
No Seri: 9015 2582 6441 985 
။ 
5246095366 8864802 
07627 64875 2511875 
No Seri: 9015 2582 6444 247 
66502 165830194342 
No Seri: 9015 2592 6442 805 
No Seri: 9015 2582 6445 637 
7132367112 1783293 
30429910829548672 
8226 
72551481699271683 
No Seri: 9015 2582 6449 978 
La 
Inf 
Be 
Lay 
26241 16816 32506 81 
20397 39184 11931 67 
In 
Info 
Bei 
No Seri: 9015 2582 6447 625 
21839 288337313998 
No Seri: 9015 2592 6448 729 
။ 
Lay 
Inf 
Be 
0906 
No Seri: 9015 2582 6450 185 
6728102823 7545272 
No Seri: 9015 2592 6451 397 
Lo 
In 
B 
6626260396 95646 67 
Lay Info 
83757 75658 39298 83 
Berl 
Be 
No Seri: 9015 2582 6467 649 
No Seri: 9015 2583 6425 167 
No Seri: 9015 2592 6428 709 
98835 48575 02202 42 
No Seri: 9015 2582 6468 343 
42259015616921665 
No Seri: 9015 2583 6469 135 
7544308427 33205 75 
LC 
ח! 
No Seri: 9015 2592 6503 517 
10207 02970 40887 90 
BE 
1084265400 3780473 
25646 689916291279 
No Seri: 9015 2582 6524 799 
44108 25885 70081 44 
No Seri: 9015 2582 6426 280 
No Seri: 9015 2582 6429 632 
No Seri: 9015 2582 6525 957 
1103661881 2241890 
3971454183 69687 25 
4519394808 57878 75 
No Seri: 9015 2583 6427 685 
No Seri: 9015 2592 6430 554 
No Seri: 9015 2592 6526 117 
6774251743 25305 14 
No Seri: 9015 2582.6500 646 
09619 84058 69752 38 
No Seri: 9015 2582 6509 064 
9194560197 35759 73 
In 
72065 81665 56056 86 
B 
No Seri: 9015 2583 6504 142 
No Seri: 9015 2582 6501 700 
31700 89901 8800700 
No Seri: 9015 2592 6505 833 
I 
62615 890588467297 
96569 60362 49387 75 
17312974527808373 
No Seri: 9015 2582 6506-001 
396 15 9201069905 17 
No Seri,: 9015 2592 6510 744 
No Seri: 9015 2582 6507 403 
202039615341967 36 
No Seri: 9015 2592 6502 906 
No Seri: 9015 2592 6511 151 
04513 34380 48103 25 
64794 46196 4723168 
Ir 
B 
08660 86819 40835 51 
In 
No Seri: 9015 2583 6508 051 
73065 45998 84876 23